3,2
3,1
3,3
10,298
10,138
10,228
10,88
10,216
10,218
10,270
10,2
11,16
11,24
11,22
51,5
51,4
51,3
11,8
51,2
51,1
11,26
11,18
51,0
50,5
50,4
50,3
50,2
50,1
50,0
49,8
49,7
9,7
49,6
9,6
49,5
49,4
49,3
9,1
49,2
49,1
9,4
49,0
48,4
48,3
9,2
48,2
48,1
9,3
48,0
47,5
47,4
47,3
47,2
47,1
8,6
8,17
8,7
47,0
46,10
46,9
46,8
46,7
46,6
46,5
46,4
46,3
46,2
46,1
46,0
45,7
45,6
45,5
45,4
45,3
45,2
45,1
45,0
44,5
44,4
44,3
44,2
44,1
44,0
43,13
43,12
43,11
43,10
43,9
43,8
43,7
43,6
43,5
43,4
43,3
43,2
43,1
43,0
36,9
36,8
36,1
34,36
34,35
34,34
34,33
34,32
34,31
34,1
31,4
31,3
31,1
30,3
30,1
29,5
29,4
29,3
29,1
28,3
28,1
20,3
20,2
20,1
19,3
19,2
19,1
18,1
